   1.4722222e+02
   3.1944444e+02
   4.8666667e+02
   6.5555556e+02
   8.2333333e+02
   9.9722222e+02
   1.1816667e+03
   1.3577778e+03
   1.5244444e+03
   1.6911111e+03
   1.8594444e+03
   2.0261111e+03
   2.1966667e+03
   2.3788889e+03
   2.5605556e+03
   2.7438889e+03
   2.9194444e+03
   3.1000000e+03
   3.2733333e+03
   3.4533333e+03
   3.6405556e+03
   3.8183333e+03
   3.9877778e+03
   4.1561111e+03
   4.3227778e+03
   4.4983333e+03
   4.6761111e+03
   4.8550000e+03
   5.0333333e+03
   5.2005556e+03
   5.3683333e+03
   5.5350000e+03
   5.7105556e+03
   5.8872222e+03
   6.0611111e+03
   6.2350000e+03
   6.4000000e+03
   6.5572222e+03
   6.7205556e+03
   6.8861111e+03
   7.0544444e+03
   7.2227778e+03
   7.3888889e+03
   7.5544444e+03
   7.7144444e+03
   7.8716667e+03
   8.0338889e+03
   8.2050000e+03
   8.3788889e+03
   8.5461111e+03
   8.7127778e+03
   8.8761111e+03
   9.0383333e+03
   9.2083333e+03
   9.3811111e+03
   9.5661111e+03
   9.7422222e+03
   9.9094444e+03
   1.0081111e+04
   1.0247222e+04
   1.0410556e+04
   1.0582222e+04
   1.0758889e+04
   1.0937778e+04
   1.1105556e+04
   1.1270000e+04
   1.1440556e+04
   1.1607222e+04
   1.1777778e+04
   1.1953889e+04
   1.2131667e+04
   1.2297778e+04
   1.2457222e+04
   1.2626111e+04
   1.2792222e+04
   1.2959444e+04
   1.3132778e+04
   1.3308333e+04
   1.3482222e+04
   1.3645000e+04
   1.3811111e+04
   1.3980556e+04
   1.4147222e+04
   1.4318333e+04
   1.4490000e+04
   1.4660556e+04
   1.4824444e+04
   1.4985556e+04
   1.5151111e+04
   1.5318889e+04
   1.5485556e+04
   1.5658889e+04
   1.5828333e+04
   1.5991111e+04
   1.6146667e+04
   1.6302222e+04
   1.6472222e+04
   1.6641667e+04
   1.6810556e+04
   1.6985556e+04
   1.7155556e+04
   1.7322778e+04
   1.7487778e+04
   1.7662222e+04
   1.7842222e+04
   1.8020000e+04
   1.8198889e+04
   1.8369444e+04
   1.8541111e+04
   1.8710000e+04
   1.8877778e+04
   1.9060000e+04
   1.9238333e+04
   1.9410000e+04
   1.9577222e+04
   1.9744444e+04
   1.9914444e+04
   2.0085556e+04
   2.0264444e+04
   2.0446667e+04
   2.0619444e+04
   2.0787778e+04
   2.0954444e+04
   2.1125556e+04
   2.1295556e+04
   2.1470556e+04
   2.1652222e+04
   2.1824444e+04
   2.1987778e+04
   2.2151667e+04
   2.2321111e+04
   2.2488889e+04
   2.2660000e+04
   2.2836111e+04
   2.3007222e+04
   2.3170000e+04
   2.3331111e+04
   2.3492222e+04
   2.3661667e+04
   2.3833889e+04
   2.4001667e+04
   2.4178333e+04
   2.4348333e+04
   2.4507222e+04
   2.4668889e+04
   2.4835556e+04
   2.5007778e+04
   2.5179444e+04
   2.5349444e+04
   2.5516667e+04
   2.5675556e+04
   2.5832222e+04
   2.5991111e+04
   2.6161667e+04
   2.6327778e+04
   2.6490556e+04
   2.6654444e+04
   2.6812222e+04
   2.6967222e+04
   2.7125556e+04
   2.7285556e+04
   2.7456667e+04
   2.7626667e+04
   2.7791111e+04
   2.7958333e+04
   2.8121111e+04
   2.8281667e+04
   2.8450000e+04
   2.8621667e+04
   2.8800000e+04
   2.8971111e+04
   2.9137222e+04
   2.9305556e+04
   2.9469444e+04
   2.9631111e+04
   2.9800556e+04
   2.9973333e+04
   3.0142222e+04
   3.0305556e+04
   3.0466667e+04
   3.0625556e+04
   3.0783333e+04
   3.0947778e+04
   3.1113889e+04
   3.1280000e+04
   3.1438889e+04
   3.1591111e+04
   3.1748333e+04
   3.1910556e+04
   3.2076111e+04
   3.2251667e+04
   3.2430556e+04
   3.2612222e+04
   3.2791111e+04
   3.2968333e+04
   3.3144444e+04
   3.3320556e+04
   3.3497222e+04
   3.3679444e+04
   3.3856667e+04
   3.4025000e+04
   3.4187778e+04
   3.4359444e+04
   3.4533333e+04
   3.4707222e+04
   3.4884444e+04
   3.5058889e+04
   3.5229444e+04
   3.5394444e+04
   3.5568333e+04
   3.5753333e+04
   3.5935000e+04
   3.6118333e+04
   3.6292778e+04
   3.6466111e+04
   3.6632778e+04
   3.6799444e+04
   3.6985000e+04
   3.7164444e+04
   3.7338889e+04
   3.7513333e+04
   3.7683889e+04
   3.7853333e+04
   3.8023333e+04
   3.8206667e+04
   3.8390556e+04
   3.8570556e+04
   3.8744444e+04
   3.8917778e+04
   3.9090556e+04
   3.9265556e+04
   3.9450000e+04
   3.9636111e+04
   3.9816667e+04
   3.9989444e+04
   4.0159444e+04
   4.0332222e+04
   4.0503333e+04
   4.0682222e+04
   4.0866111e+04
   4.1037222e+04
   4.1203333e+04
   4.1366667e+04
   4.1536667e+04
   4.1706111e+04
   4.1876667e+04
   4.2057222e+04
   4.2228333e+04
   4.2388333e+04
   4.2552222e+04
   4.2717222e+04
   4.2885000e+04
   4.3056111e+04
   4.3229444e+04
   4.3402778e+04
   4.3563889e+04
   4.3721111e+04
   4.3880556e+04
   4.4049444e+04
   4.4218889e+04
   4.4386667e+04
   4.4558889e+04
   4.4725556e+04
   4.4885000e+04
   4.5047778e+04
   4.5207778e+04
   4.5382222e+04
   4.5552778e+04
   4.5717778e+04
   4.5891667e+04
   4.6057222e+04
   4.6215556e+04
   4.6380000e+04
   4.6548889e+04
   4.6723889e+04
   4.6891111e+04
   4.7055000e+04
   4.7217778e+04
   4.7374444e+04
   4.7526111e+04
   4.7686111e+04
   4.7853889e+04
   4.8022222e+04
   4.8185556e+04
   4.8346667e+04
   4.8506111e+04
   4.8661667e+04
   4.8817778e+04
   4.8981111e+04
   4.9150000e+04
   4.9316111e+04
   4.9475556e+04
   4.9633333e+04
   4.9793889e+04
   4.9948333e+04
   5.0107778e+04
   5.0275556e+04
   5.0445556e+04
   5.0612778e+04
   5.0771111e+04
   5.0930000e+04
   5.1092222e+04
   5.1251111e+04
   5.1416667e+04
   5.1583889e+04
   5.1751667e+04
   5.1911111e+04
   5.2066111e+04
   5.2224444e+04
   5.2382222e+04
   5.2541667e+04
   5.2708333e+04
   5.2869444e+04
   5.3030556e+04
   5.3178889e+04
   5.3321111e+04
   5.3465000e+04
   5.3616667e+04
   5.3772222e+04
   5.3932222e+04
   5.4097778e+04
   5.4262778e+04
   5.4427778e+04
   5.4586667e+04
   5.4753333e+04
   5.4934444e+04
   5.5105000e+04
   5.5275000e+04
   5.5447222e+04
   5.5615556e+04
   5.5778889e+04
   5.5938889e+04
   5.6112778e+04
   5.6292222e+04
   5.6467778e+04
   5.6644444e+04
   5.6817778e+04
   5.6988889e+04
   5.7157778e+04
   5.7333889e+04
   5.7515000e+04
   5.7692778e+04
   5.7869444e+04
   5.8041667e+04
   5.8216667e+04
   5.8386667e+04
   5.8563889e+04
   5.8754444e+04
   5.8935000e+04
   5.9110000e+04
   5.9280556e+04
   5.9455000e+04
   5.9630556e+04
   5.9807222e+04
   5.9996111e+04
   6.0177778e+04
   6.0343889e+04
   6.0512222e+04
   6.0682778e+04
   6.0854444e+04
   6.1026667e+04
   6.1206667e+04
   6.1382778e+04
   6.1551111e+04
   6.1716111e+04
   6.1882778e+04
   6.2058333e+04
   6.2233889e+04
   6.2411111e+04
   6.2588333e+04
   6.2756111e+04
   6.2921111e+04
   6.3087778e+04
   6.3265000e+04
   6.3446111e+04
   6.3625556e+04
   6.3810556e+04
   6.3986111e+04
   6.4153889e+04
   6.4323333e+04
   6.4497222e+04
   6.4676111e+04
   6.4852778e+04
   6.5028889e+04
   6.5198889e+04
   6.5365000e+04
   6.5533889e+04
   6.5707222e+04
   6.5887222e+04
   6.6063889e+04
   6.6238333e+04
   6.6411111e+04
   6.6576667e+04
   6.6741111e+04
   6.6910000e+04
   6.7087778e+04
   6.7264444e+04
   6.7432778e+04
   6.7599444e+04
   6.7761667e+04
   6.7922222e+04
   6.8090556e+04
   6.8263333e+04
   6.8437778e+04
   6.8606111e+04
   6.8764444e+04
   6.8929444e+04
   6.9090000e+04
   6.9247778e+04
   6.9416111e+04
   6.9586667e+04
   6.9756111e+04
   6.9918889e+04
   7.0078889e+04
   7.0247222e+04
   7.0417222e+04
   7.0590000e+04
   7.0768333e+04
   7.0951667e+04
   7.1127222e+04
   7.1292778e+04
   7.1465556e+04
   7.1638889e+04
   7.1815000e+04
   7.1992222e+04
   7.2167222e+04
   7.2338333e+04
   7.2500000e+04
   7.2662778e+04
   7.2835556e+04
   7.3005556e+04
   7.3174444e+04
   7.3348333e+04
   7.3521111e+04
   7.3683333e+04
   7.3843889e+04
   7.4009444e+04
   7.4176111e+04
   7.4337778e+04
   7.4494444e+04
   7.4648889e+04
   7.4806111e+04
   7.4962222e+04
   7.5126667e+04
   7.5308889e+04
   7.5499444e+04
   7.5683889e+04
   7.5868333e+04
   7.6052778e+04
   7.6233889e+04
   7.6412222e+04
   7.6607778e+04
   7.6796111e+04
   7.6976667e+04
   7.7152222e+04
   7.7328333e+04
   7.7503333e+04
   7.7677222e+04
   7.7863889e+04
   7.8049444e+04
   7.8225556e+04
   7.8397222e+04
   7.8569444e+04
   7.8743333e+04
   7.8916111e+04
   7.9097778e+04
   7.9278333e+04
   7.9450556e+04
   7.9618333e+04
   7.9785556e+04
   7.9955556e+04
   8.0122222e+04
   8.0293889e+04
   8.0472778e+04
   8.0642778e+04
   8.0806667e+04
   8.0967778e+04
   8.1136667e+04
   8.1310556e+04
   8.1484444e+04
   8.1663333e+04
   8.1842778e+04
   8.2010556e+04
   8.2180000e+04
   8.2351111e+04
   8.2531667e+04
   8.2710556e+04
   8.2886667e+04
   8.3069444e+04
   8.3239444e+04
   8.3405000e+04
   8.3576667e+04
   8.3757222e+04
   8.3936667e+04
   8.4110556e+04
   8.4287222e+04
   8.4452778e+04
   8.4615000e+04
   8.4777778e+04
   8.4952222e+04
   8.5135556e+04
   8.5312778e+04
   8.5489444e+04
   8.5661111e+04
   8.5828889e+04
   8.6002778e+04
   8.6180000e+04
   8.6365000e+04
   8.6542778e+04
   8.6710556e+04
   8.6883889e+04
   8.7050556e+04
   8.7216111e+04
   8.7391667e+04
   8.7573333e+04
   8.7748889e+04
   8.7917222e+04
   8.8085000e+04
   8.8248889e+04
   8.8412778e+04
   8.8587778e+04
   8.8768333e+04
   8.8951111e+04
   8.9123333e+04
   8.9296111e+04
   8.9472778e+04
   8.9647222e+04
   8.9828889e+04
   9.0012778e+04
   9.0200000e+04
   9.0375556e+04
   9.0543333e+04
   9.0717778e+04
   9.0887778e+04
   9.1058889e+04
   9.1235000e+04
   9.1408333e+04
   9.1571111e+04
   9.1732222e+04
   9.1897778e+04
   9.2066667e+04
   9.2237778e+04
   9.2413889e+04
   9.2589444e+04
   9.2758333e+04
   9.2918889e+04
   9.3081667e+04
   9.3256667e+04
   9.3430000e+04
   9.3601667e+04
   9.3773333e+04
   9.3947778e+04
   9.4116111e+04
   9.4281111e+04
   9.4456667e+04
   9.4638333e+04
   9.4813889e+04
   9.4991667e+04
   9.5161667e+04
   9.5328889e+04
   9.5492778e+04
   9.5660556e+04
   9.5843889e+04
   9.6020000e+04
   9.6190556e+04
   9.6363889e+04
   9.6535556e+04
   9.6703889e+04
   9.6872222e+04
   9.7053889e+04
   9.7230000e+04
   9.7400556e+04
   9.7566667e+04
   9.7730000e+04
   9.7895556e+04
   9.8060000e+04
   9.8232222e+04
   9.8408333e+04
   9.8579444e+04
   9.8743333e+04
   9.8903889e+04
   9.9065000e+04
   9.9226667e+04
   9.9390556e+04
   9.9562778e+04
   9.9736111e+04
   9.9900000e+04
   1.0006722e+05
   1.0023611e+05
   1.0041000e+05
   1.0058778e+05
   1.0076611e+05
   1.0095167e+05
   1.0112667e+05
   1.0129167e+05
   1.0146278e+05
   1.0163778e+05
   1.0181278e+05
   1.0198833e+05
   1.0217056e+05
   1.0233889e+05
   1.0250222e+05
   1.0266944e+05
   1.0283944e+05
   1.0301889e+05
   1.0319444e+05
   1.0336778e+05
   1.0354000e+05
   1.0370444e+05
   1.0387389e+05
   1.0404500e+05
   1.0422556e+05
   1.0440389e+05
   1.0457611e+05
   1.0475056e+05
   1.0491667e+05
   1.0507889e+05
   1.0524944e+05
   1.0542778e+05
   1.0560500e+05
   1.0577944e+05
   1.0595444e+05
   1.0612500e+05
   1.0629667e+05
   1.0647222e+05
   1.0665278e+05
   1.0684222e+05
   1.0701889e+05
   1.0719000e+05
   1.0736444e+05
   1.0753722e+05
   1.0771667e+05
   1.0790056e+05
   1.0808944e+05
   1.0826944e+05
   1.0843889e+05
   1.0861944e+05
   1.0879389e+05
   1.0897333e+05
   1.0915722e+05
   1.0934222e+05
   1.0951889e+05
   1.0968722e+05
   1.0986056e+05
   1.1003389e+05
   1.1020611e+05
   1.1038556e+05
   1.1056389e+05
   1.1073444e+05
   1.1089944e+05
   1.1106778e+05
   1.1123889e+05
   1.1141611e+05
   1.1159500e+05
   1.1177056e+05
   1.1194556e+05
   1.1211111e+05
   1.1227778e+05
   1.1245667e+05
   1.1263333e+05
   1.1281167e+05
   1.1298667e+05
   1.1316000e+05
   1.1332722e+05
   1.1348722e+05
   1.1365722e+05
   1.1383556e+05
   1.1400889e+05
   1.1418167e+05
   1.1435389e+05
   1.1452500e+05
   1.1469556e+05
   1.1486889e+05
   1.1505000e+05
   1.1522556e+05
   1.1539944e+05
   1.1556778e+05
   1.1573722e+05
   1.1589944e+05
   1.1606556e+05
   1.1624556e+05
   1.1641889e+05
   1.1658611e+05
   1.1675056e+05
   1.1691111e+05
   1.1707556e+05
   1.1723889e+05
   1.1740278e+05
   1.1757556e+05
   1.1773944e+05
   1.1789611e+05
   1.1805167e+05
   1.1820833e+05
   1.1836833e+05
   1.1853222e+05
   1.1870111e+05
   1.1887389e+05
   1.1903944e+05
   1.1920056e+05
   1.1936167e+05
   1.1952889e+05
   1.1969833e+05
   1.1987000e+05
   1.2005167e+05
   1.2022500e+05
   1.2039056e+05
   1.2055556e+05
   1.2072222e+05
   1.2089889e+05
   1.2107389e+05
   1.2125222e+05
   1.2143278e+05
   1.2159778e+05
   1.2176167e+05
   1.2192833e+05
   1.2210278e+05
   1.2227722e+05
   1.2244778e+05
   1.2262667e+05
   1.2279556e+05
   1.2295444e+05
   1.2312000e+05
   1.2329333e+05
   1.2347000e+05
   1.2364444e+05
   1.2382167e+05
   1.2399111e+05
   1.2415556e+05
   1.2432222e+05
   1.2449222e+05
   1.2467444e+05
   1.2484944e+05
   1.2502000e+05
   1.2519333e+05
   1.2535667e+05
   1.2551833e+05
   1.2568611e+05
   1.2586056e+05
   1.2603333e+05
   1.2619889e+05
   1.2636167e+05
   1.2652778e+05
   1.2668556e+05
   1.2684500e+05
   1.2701667e+05
   1.2719500e+05
   1.2737000e+05
   1.2753389e+05
   1.2770111e+05
   1.2786833e+05
   1.2803222e+05
   1.2820056e+05
   1.2837222e+05
   1.2854444e+05
   1.2870778e+05
   1.2886833e+05
   1.2903556e+05
   1.2920167e+05
   1.2937444e+05
   1.2955611e+05
   1.2973611e+05
   1.2991944e+05
   1.3008444e+05
   1.3026000e+05
   1.3043500e+05
   1.3061111e+05
   1.3079000e+05
   1.3096444e+05
   1.3113778e+05
   1.3130278e+05
   1.3146833e+05
   1.3164167e+05
   1.3181500e+05
   1.3198944e+05
   1.3216333e+05
   1.3233444e+05
   1.3249611e+05
   1.3265778e+05
   1.3283167e+05
   1.3300611e+05
   1.3317889e+05
   1.3335222e+05
   1.3352444e+05
   1.3369111e+05
   1.3385444e+05
   1.3402611e+05
   1.3420556e+05
   1.3438278e+05
   1.3456111e+05
   1.3473111e+05
   1.3489889e+05
   1.3506056e+05
   1.3522389e+05
   1.3540222e+05
   1.3557778e+05
   1.3574611e+05
   1.3591667e+05
   1.3608500e+05
   1.3625333e+05
   1.3642222e+05
   1.3660056e+05
   1.3678167e+05
   1.3695556e+05
   1.3712444e+05
   1.3729000e+05
   1.3745722e+05
   1.3762167e+05
   1.3779389e+05
   1.3797778e+05
   1.3815278e+05
   1.3832167e+05
   1.3849000e+05
   1.3866389e+05
   1.3884167e+05
   1.3902000e+05
   1.3920778e+05
   1.3938944e+05
   1.3955889e+05
   1.3972667e+05
   1.3989556e+05
   1.4007111e+05
   1.4024944e+05
   1.4043167e+05
   1.4061111e+05
   1.4078000e+05
   1.4094667e+05
   1.4111611e+05
   1.4129056e+05
   1.4146500e+05
   1.4164000e+05
   1.4181889e+05
   1.4198389e+05
   1.4214722e+05
   1.4231278e+05
   1.4248778e+05
   1.4266500e+05
   1.4284222e+05
   1.4302222e+05
   1.4319389e+05
   1.4335944e+05
   1.4353278e+05
   1.4370556e+05
   1.4388667e+05
   1.4406278e+05
   1.4423444e+05
   1.4440722e+05
   1.4457167e+05
   1.4473556e+05
   1.4490833e+05
   1.4508833e+05
   1.4526444e+05
   1.4543611e+05
   1.4560833e+05
   1.4577111e+05
   1.4593333e+05
   1.4610278e+05
   1.4627944e+05
   1.4645778e+05
   1.4662667e+05
   1.4679500e+05
   1.4696444e+05
   1.4713167e+05
   1.4730389e+05
   1.4748389e+05
   1.4766889e+05
   1.4784444e+05
   1.4801056e+05
   1.4818500e+05
   1.4835222e+05
   1.4851889e+05
   1.4869389e+05
   1.4887167e+05
   1.4904500e+05
   1.4920889e+05
   1.4937333e+05
   1.4954000e+05
   1.4970444e+05
   1.4987667e+05
   1.5005222e+05
   1.5022833e+05
   1.5039111e+05
   1.5055056e+05
   1.5072056e+05
   1.5089111e+05
   1.5106222e+05
   1.5123667e+05
   1.5141111e+05
   1.5158000e+05
   1.5174278e+05
   1.5191167e+05
   1.5208667e+05
   1.5226111e+05
   1.5244222e+05
   1.5262056e+05
   1.5279556e+05
   1.5296167e+05
   1.5312778e+05
   1.5331167e+05
   1.5349556e+05
   1.5366556e+05
   1.5383556e+05
   1.5400278e+05
   1.5416111e+05
   1.5431778e+05
   1.5448778e+05
   1.5466444e+05
   1.5484222e+05
   1.5501833e+05
   1.5519000e+05
   1.5536556e+05
   1.5553722e+05
   1.5572111e+05
   1.5590944e+05
   1.5609167e+05
   1.5627333e+05
   1.5644833e+05
   1.5662500e+05
   1.5680111e+05
   1.5698222e+05
   1.5717222e+05
   1.5735111e+05
   1.5752778e+05
   1.5770167e+05
   1.5787833e+05
   1.5805278e+05
   1.5823500e+05
   1.5842333e+05
   1.5860333e+05
   1.5877389e+05
   1.5894556e+05
   1.5912278e+05
   1.5929944e+05
   1.5947944e+05
   1.5966833e+05
   1.5984444e+05
   1.6001444e+05
   1.6018444e+05
   1.6036167e+05
   1.6054278e+05
   1.6072500e+05
   1.6091333e+05
   1.6109000e+05
   1.6125722e+05
   1.6142778e+05
   1.6159833e+05
   1.6177667e+05
   1.6195556e+05
   1.6213556e+05
   1.6231278e+05
   1.6247778e+05
   1.6264611e+05
   1.6282056e+05
   1.6300389e+05
   1.6318389e+05
   1.6336056e+05
   1.6353778e+05
   1.6370389e+05
   1.6386611e+05
   1.6403444e+05
   1.6421611e+05
   1.6439278e+05
   1.6456444e+05
   1.6474056e+05
   1.6490889e+05
   1.6507333e+05
   1.6524444e+05
   1.6542111e+05
   1.6560389e+05
   1.6578167e+05
   1.6595278e+05
   1.6612556e+05
   1.6629222e+05
   1.6646778e+05
   1.6665000e+05
   1.6683444e+05
   1.6701000e+05
   1.6718000e+05
   1.6735278e+05
   1.6752056e+05
   1.6769000e+05
   1.6786944e+05
   1.6805444e+05
   1.6822944e+05
   1.6839778e+05
   1.6857444e+05
   1.6874444e+05
   1.6891722e+05
   1.6909611e+05
   1.6928000e+05
   1.6945889e+05
   1.6962778e+05
   1.6980222e+05
   1.6998000e+05
   1.7015889e+05
   1.7034556e+05
   1.7053000e+05
   1.7071167e+05
   1.7087722e+05
   1.7104556e+05
   1.7122000e+05
   1.7139500e+05
   1.7157278e+05
   1.7175056e+05
   1.7192722e+05
   1.7209389e+05
   1.7226389e+05
   1.7244389e+05
   1.7262500e+05
   1.7280667e+05
   1.7298889e+05
   1.7316833e+05
   1.7334444e+05
   1.7351444e+05
   1.7370000e+05
   1.7388111e+05
   1.7406389e+05
   1.7425611e+05
   1.7444000e+05
   1.7461944e+05
   1.7479389e+05
   1.7498278e+05
   1.7516944e+05
   1.7535056e+05
   1.7553056e+05
   1.7570667e+05
   1.7587556e+05
   1.7605278e+05
   1.7624278e+05
   1.7643000e+05
   1.7661222e+05
   1.7678944e+05
   1.7697167e+05
   1.7714944e+05
   1.7732500e+05
   1.7751500e+05
   1.7769667e+05
   1.7787333e+05
   1.7804500e+05
   1.7822000e+05
   1.7839722e+05
   1.7857611e+05
   1.7876667e+05
   1.7895056e+05
   1.7912222e+05
   1.7929444e+05
   1.7946611e+05
   1.7964111e+05
   1.7982222e+05
   1.8001111e+05
   1.8019500e+05
   1.8036500e+05
   1.8053167e+05
   1.8070111e+05
   1.8086944e+05
   1.8103333e+05
   1.8119944e+05
   1.8136944e+05
   1.8153167e+05
   1.8169056e+05
   1.8185389e+05
   1.8202778e+05
   1.8220944e+05
   1.8238778e+05
   1.8257444e+05
   1.8275389e+05
   1.8292611e+05
   1.8310056e+05
   1.8327944e+05
   1.8346722e+05
   1.8364722e+05
   1.8382389e+05
   1.8399500e+05
   1.8415389e+05
   1.8431722e+05
   1.8448722e+05
   1.8466500e+05
   1.8484278e+05
   1.8501778e+05
   1.8519556e+05
   1.8536500e+05
   1.8553389e+05
   1.8571000e+05
   1.8589556e+05
   1.8607278e+05
   1.8623944e+05
   1.8641278e+05
   1.8657889e+05
   1.8674722e+05
   1.8692389e+05
   1.8710389e+05
   1.8728833e+05
   1.8746333e+05
   1.8763500e+05
   1.8780944e+05
   1.8798167e+05
   1.8816667e+05
   1.8835111e+05
   1.8853778e+05
   1.8872111e+05
   1.8889833e+05
   1.8908222e+05
   1.8926500e+05
   1.8945167e+05
   1.8963944e+05
   1.8982722e+05
   1.9000111e+05
   1.9017944e+05
   1.9035833e+05
   1.9054056e+05
   1.9072611e+05
   1.9091000e+05
   1.9109278e+05
   1.9126500e+05
   1.9143778e+05
   1.9161222e+05
   1.9178778e+05
   1.9197056e+05
   1.9214722e+05
   1.9232278e+05
   1.9248944e+05
   1.9265444e+05
   1.9282944e+05
   1.9300944e+05
   1.9318944e+05
   1.9337556e+05
   1.9356167e+05
   1.9374056e+05
   1.9391722e+05
   1.9410611e+05
   1.9429222e+05
   1.9447667e+05
   1.9465667e+05
   1.9483222e+05
   1.9500167e+05
   1.9516944e+05
   1.9535389e+05
   1.9553278e+05
   1.9570722e+05
   1.9588000e+05
   1.9605056e+05
   1.9621833e+05
   1.9638556e+05
   1.9656333e+05
   1.9674611e+05
   1.9692444e+05
   1.9709833e+05
   1.9726667e+05
   1.9743611e+05
   1.9760556e+05
   1.9778056e+05
   1.9796500e+05
   1.9814333e+05
   1.9831611e+05
   1.9848278e+05
   1.9865722e+05
   1.9882778e+05
   1.9900278e+05
   1.9919167e+05
   1.9936889e+05
   1.9954111e+05
   1.9970944e+05
   1.9988056e+05
   2.0005500e+05
   2.0023111e+05
   2.0041778e+05
   2.0059944e+05
   2.0077444e+05
   2.0094722e+05
   2.0111944e+05
   2.0130222e+05
   2.0148389e+05
   2.0166778e+05
   2.0185167e+05
   2.0202611e+05
   2.0219833e+05
   2.0237667e+05
   2.0256000e+05
   2.0274222e+05
   2.0292889e+05
   2.0311111e+05
   2.0328056e+05
   2.0345278e+05
   2.0363000e+05
   2.0381167e+05
   2.0398833e+05
   2.0416556e+05
   2.0433944e+05
   2.0450000e+05
   2.0466333e+05
   2.0483333e+05
   2.0501167e+05
   2.0518667e+05
   2.0535944e+05
   2.0553611e+05
   2.0570333e+05
   2.0586500e+05
   2.0603444e+05
   2.0621778e+05
   2.0640000e+05
   2.0657944e+05
   2.0675778e+05
   2.0693000e+05
   2.0709667e+05
   2.0726889e+05
   2.0744722e+05
   2.0762833e+05
   2.0779889e+05
   2.0796944e+05
   2.0814056e+05
   2.0830444e+05
   2.0847389e+05
   2.0865333e+05
   2.0883389e+05
   2.0900889e+05
   2.0917722e+05
   2.0935333e+05
   2.0952278e+05
   2.0969222e+05
   2.0987333e+05
   2.1005833e+05
   2.1023500e+05
   2.1040444e+05
   2.1057889e+05
   2.1075389e+05
   2.1092944e+05
   2.1111111e+05
   2.1129389e+05
   2.1147333e+05
   2.1164056e+05
   2.1181056e+05
   2.1198167e+05
   2.1215111e+05
   2.1233000e+05
   2.1250611e+05
   2.1268278e+05
   2.1284889e+05
   2.1301111e+05
   2.1318833e+05
   2.1336556e+05
   2.1354444e+05
   2.1372611e+05
   2.1390722e+05
   2.1408056e+05
   2.1424833e+05
   2.1442556e+05
   2.1460611e+05
   2.1478222e+05
   2.1495611e+05
   2.1512889e+05
   2.1529722e+05
   2.1546167e+05
   2.1563444e+05
   2.1581556e+05
   2.1599222e+05
   2.1617333e+05
   2.1634778e+05
   2.1652111e+05
   2.1668667e+05
   2.1685667e+05
   2.1704222e+05
   2.1721889e+05
   2.1739000e+05
   2.1755722e+05
   2.1772056e+05
   2.1788500e+05
   2.1795667e+05
   2.1804278e+05
   2.1820444e+05
   2.1836389e+05
   2.1851389e+05
   2.1865722e+05
   2.1879556e+05
   2.1893333e+05
   2.1907056e+05
   2.1920333e+05
   2.1933833e+05
   2.1948111e+05
   2.1962222e+05
   2.1968722e+05
   2.1975944e+05
   2.1989111e+05
   2.2002056e+05
   2.2015167e+05
   2.2028778e+05
   2.2042278e+05
   2.2056333e+05
   2.2071444e+05
   2.2087167e+05
   2.2102500e+05
   2.2117278e+05
   2.2132500e+05
   2.2148389e+05
   2.2164889e+05
   2.2181889e+05
   2.2199333e+05
   2.2217222e+05
   2.2234333e+05
   2.2251167e+05
   2.2268278e+05
   2.2286500e+05
   2.2304833e+05
   2.2323722e+05
   2.2342444e+05
   2.2360056e+05
   2.2377944e+05
   2.2396222e+05
   2.2415278e+05
   2.2433833e+05
   2.2452778e+05
   2.2471222e+05
   2.2488444e+05
   2.2505556e+05
   2.2522444e+05
   2.2540222e+05
   2.2558000e+05
   2.2575389e+05
   2.2593611e+05
   2.2610722e+05
   2.2627944e+05
   2.2645944e+05
   2.2664111e+05
   2.2682556e+05
   2.2700778e+05
   2.2718667e+05
   2.2734944e+05
   2.2751111e+05
   2.2768333e+05
   2.2787389e+05
   2.2805389e+05
   2.2823111e+05
   2.2841111e+05
   2.2858556e+05
   2.2875278e+05
   2.2892667e+05
   2.2911222e+05
   2.2929500e+05
   2.2945667e+05
   2.2961167e+05
   2.2964833e+05
   2.2976444e+05
   2.2990889e+05
   2.3005111e+05
   2.3020000e+05
   2.3035000e+05
   2.3050167e+05
   2.3064778e+05
   2.3078944e+05
   2.3093722e+05
   2.3108389e+05
   2.3123111e+05
   2.3138889e+05
   2.3155000e+05
   2.3171778e+05
   2.3188444e+05
   2.3204944e+05
   2.3222056e+05
   2.3237500e+05
   2.3257667e+05
   2.3276444e+05
   2.3294722e+05
   2.3312611e+05
   2.3329500e+05
   2.3347167e+05
   2.3365222e+05
   2.3383000e+05
   2.3401889e+05
   2.3420222e+05
   2.3437889e+05
   2.3455111e+05
   2.3472889e+05
   2.3491278e+05
   2.3509556e+05
   2.3528500e+05
   2.3546778e+05
   2.3564444e+05
   2.3581500e+05
   2.3598833e+05
   2.3616722e+05
   2.3634444e+05
   2.3652222e+05
   2.3669667e+05
   2.3687056e+05
   2.3704278e+05
   2.3722111e+05
   2.3741389e+05
   2.3759889e+05
   2.3778889e+05
   2.3796889e+05
   2.3814778e+05
   2.3832389e+05
   2.3850889e+05
   2.3870611e+05
   2.3888889e+05
   2.3907444e+05
   2.3925167e+05
   2.3943000e+05
   2.3960389e+05
   2.3978722e+05
   2.3997667e+05
   2.4015778e+05
   2.4032556e+05
   2.4048167e+05
   2.4063278e+05
   2.4078056e+05
   2.4092833e+05
   2.4108778e+05
   2.4124778e+05
   2.4140556e+05
   2.4156000e+05
   2.4171167e+05
   2.4186611e+05
   2.4202000e+05
   2.4217278e+05
   2.4233167e+05
   2.4249111e+05
   2.4263944e+05
   2.4277944e+05
   2.4292000e+05
   2.4306222e+05
   2.4320833e+05
   2.4335444e+05
   2.4350278e+05
   2.4366056e+05
   2.4381444e+05
   2.4396278e+05
   2.4411333e+05
   2.4426833e+05
   2.4443167e+05
   2.4459556e+05
   2.4476222e+05
   2.4494056e+05
   2.4511222e+05
   2.4528111e+05
   2.4545111e+05
   2.4563056e+05
   2.4582111e+05
   2.4600667e+05
   2.4619556e+05
   2.4637667e+05
   2.4654778e+05
   2.4672222e+05
   2.4690611e+05
   2.4709611e+05
   2.4728056e+05
   2.4747167e+05
   2.4765333e+05
   2.4782500e+05
   2.4800333e+05
   2.4819056e+05
   2.4837556e+05
   2.4855833e+05
   2.4874167e+05
   2.4891500e+05
   2.4908556e+05
   2.4926167e+05
   2.4944722e+05
   2.4963056e+05
   2.4980611e+05
   2.4998278e+05
   2.5015389e+05
   2.5032056e+05
   2.5049667e+05
   2.5067333e+05
   2.5085278e+05
   2.5102500e+05
   2.5119056e+05
   2.5136167e+05
   2.5152556e+05
   2.5168667e+05
   2.5185944e+05
   2.5204000e+05
   2.5221333e+05
   2.5237611e+05
   2.5254611e+05
   2.5271667e+05
   2.5288722e+05
   2.5306444e+05
   2.5324611e+05
   2.5342944e+05
   2.5360056e+05
   2.5377667e+05
   2.5395333e+05
   2.5413500e+05
   2.5432611e+05
   2.5451000e+05
   2.5469556e+05
   2.5487167e+05
   2.5505000e+05
   2.5523222e+05
   2.5541889e+05
   2.5560944e+05
   2.5579833e+05
   2.5597944e+05
   2.5615444e+05
   2.5633444e+05
   2.5652056e+05
   2.5670167e+05
   2.5688167e+05
   2.5706222e+05
   2.5724000e+05
   2.5741167e+05
   2.5759333e+05
   2.5777944e+05
   2.5796667e+05
   2.5815056e+05
   2.5832667e+05
   2.5849778e+05
   2.5866389e+05
   2.5884056e+05
   2.5902000e+05
   2.5919667e+05
   2.5937444e+05
   2.5954444e+05
   2.5971111e+05
   2.5987056e+05
   2.6003222e+05
   2.6012167e+05
   2.6020889e+05
   2.6038611e+05
   2.6055389e+05
   2.6072111e+05
   2.6089222e+05
   2.6106111e+05
   2.6123333e+05
   2.6142278e+05
   2.6161111e+05
   2.6178944e+05
   2.6196333e+05
   2.6213556e+05
   2.6230778e+05
   2.6247889e+05
   2.6266167e+05
   2.6284056e+05
   2.6300722e+05
   2.6317500e+05
   2.6334111e+05
   2.6350889e+05
   2.6367444e+05
   2.6384444e+05
   2.6402611e+05
   2.6420000e+05
   2.6436389e+05
   2.6453333e+05
   2.6471444e+05
   2.6488222e+05
   2.6504389e+05
   2.6521000e+05
   2.6536833e+05
   2.6551722e+05
   2.6566278e+05
   2.6576944e+05
   2.6580556e+05
   2.6595444e+05
   2.6610444e+05
   2.6625444e+05
   2.6640944e+05
   2.6657000e+05
   2.6672111e+05
   2.6687056e+05
   2.6702833e+05
   2.6719333e+05
   2.6736611e+05
   2.6754278e+05
   2.6772667e+05
   2.6790889e+05
   2.6807944e+05
   2.6825667e+05
   2.6843667e+05
   2.6862000e+05
   2.6880444e+05
   2.6899056e+05
   2.6917222e+05
   2.6934444e+05
   2.6951556e+05
   2.6968889e+05
   2.6987444e+05
   2.7005278e+05
   2.7023444e+05
   2.7041500e+05
   2.7058778e+05
   2.7076778e+05
   2.7095611e+05
   2.7115000e+05
   2.7133722e+05
   2.7152278e+05
   2.7170333e+05
   2.7187611e+05
   2.7202167e+05
   2.7224500e+05
   2.7244167e+05
   2.7262611e+05
   2.7280722e+05
   2.7298611e+05
   2.7316389e+05
   2.7334389e+05
   2.7352444e+05
   2.7370944e+05
   2.7388000e+05
   2.7404722e+05
   2.7421778e+05
   2.7438611e+05
   2.7456556e+05
   2.7474500e+05
   2.7493056e+05
   2.7510778e+05
   2.7527944e+05
   2.7545389e+05
   2.7562611e+05
   2.7580889e+05
   2.7599611e+05
   2.7617889e+05
   2.7635167e+05
   2.7652222e+05
   2.7669611e+05
   2.7686722e+05
   2.7704167e+05
   2.7722278e+05
   2.7740944e+05
   2.7758056e+05
   2.7774944e+05
   2.7793056e+05
   2.7810778e+05
   2.7828611e+05
   2.7846500e+05
   2.7864833e+05
   2.7882278e+05
   2.7899222e+05
   2.7917833e+05
   2.7936833e+05
   2.7955056e+05
   2.7973556e+05
   2.7992000e+05
   2.8009667e+05
   2.8027111e+05
   2.8045500e+05
   2.8064278e+05
   2.8082611e+05
   2.8100889e+05
   2.8118778e+05
   2.8136056e+05
   2.8153611e+05
   2.8172111e+05
   2.8190500e+05
   2.8208389e+05
   2.8226000e+05
   2.8243278e+05
   2.8259944e+05
   2.8276278e+05
   2.8294056e+05
   2.8311889e+05
   2.8329444e+05
   2.8347333e+05
   2.8364667e+05
   2.8382111e+05
   2.8399667e+05
   2.8418333e+05
   2.8437278e+05
   2.8455000e+05
   2.8472444e+05
   2.8489278e+05
   2.8506222e+05
   2.8522333e+05
   2.8538611e+05
   2.8555667e+05
   2.8572667e+05
   2.8589278e+05
   2.8606000e+05
   2.8624056e+05
   2.8642333e+05
   2.8660889e+05
   2.8681167e+05
   2.8700667e+05
   2.8718556e+05
   2.8736222e+05
   2.8754778e+05
   2.8773333e+05
   2.8791778e+05
   2.8810833e+05
   2.8828778e+05
   2.8845722e+05
   2.8863000e+05
   2.8880944e+05
   2.8899056e+05
   2.8917167e+05
   2.8936111e+05
   2.8953667e+05
   2.8970500e+05
   2.8987500e+05
   2.9005500e+05
   2.9023444e+05
   2.9040500e+05
   2.9058056e+05
   2.9074500e+05
   2.9090444e+05
   2.9106778e+05
   2.9123333e+05
   2.9141444e+05
   2.9159556e+05
   2.9177667e+05
   2.9195056e+05
   2.9211444e+05
   2.9228611e+05
   2.9246500e+05
   2.9264889e+05
   2.9283278e+05
   2.9301556e+05
   2.9319444e+05
   2.9335667e+05
   2.9352444e+05
   2.9369833e+05
   2.9388556e+05
   2.9406611e+05
   2.9424667e+05
   2.9443167e+05
   2.9460722e+05
   2.9478167e+05
   2.9496500e+05
   2.9515889e+05
   2.9534389e+05
   2.9552167e+05
   2.9570556e+05
   2.9588222e+05
   2.9606167e+05
   2.9625056e+05
   2.9644444e+05
   2.9663111e+05
   2.9680722e+05
   2.9698833e+05
   2.9716222e+05
   2.9734167e+05
   2.9752556e+05
   2.9770556e+05
   2.9787556e+05
   2.9804500e+05
   2.9822278e+05
   2.9839944e+05
   2.9858556e+05
   2.9876556e+05
   2.9894500e+05
   2.9911056e+05
   2.9926611e+05
   2.9943056e+05
   2.9959056e+05
   2.9975444e+05
   2.9992889e+05
   3.0010889e+05
   3.0028667e+05
   3.0045889e+05
   3.0063500e+05
   3.0081778e+05
   3.0100222e+05
   3.0119111e+05
   3.0137833e+05
   3.0155778e+05
   3.0173000e+05
   3.0190833e+05
   3.0208667e+05
   3.0226722e+05
   3.0245167e+05
   3.0263167e+05
   3.0280556e+05
   3.0297500e+05
   3.0315000e+05
   3.0333444e+05
   3.0351722e+05
   3.0370444e+05
   3.0388278e+05
   3.0406056e+05
   3.0423389e+05
   3.0440833e+05
   3.0459389e+05
   3.0477500e+05
   3.0495389e+05
   3.0513000e+05
   3.0530722e+05
   3.0547667e+05
   3.0565111e+05
   3.0583667e+05
   3.0602000e+05
   3.0620000e+05
   3.0637167e+05
   3.0654389e+05
   3.0671333e+05
   3.0688556e+05
   3.0707167e+05
   3.0724833e+05
   3.0742111e+05
   3.0759000e+05
   3.0775833e+05
   3.0792611e+05
   3.0809778e+05
   3.0828556e+05
   3.0846611e+05
   3.0863556e+05
   3.0880444e+05
   3.0897778e+05
   3.0915333e+05
   3.0933111e+05
   3.0952222e+05
   3.0971167e+05
   3.0989611e+05
   3.1007333e+05
   3.1025556e+05
   3.1043944e+05
   3.1062000e+05
   3.1081333e+05
   3.1099833e+05
   3.1117000e+05
   3.1133500e+05
   3.1150611e+05
   3.1168500e+05
   3.1186444e+05
   3.1204556e+05
   3.1222611e+05
   3.1239611e+05
   3.1256722e+05
   3.1273722e+05
   3.1291111e+05
   3.1308778e+05
   3.1326722e+05
   3.1344500e+05
   3.1361500e+05
   3.1378778e+05
   3.1395889e+05
   3.1414111e+05
   3.1432167e+05
   3.1450778e+05
   3.1469167e+05
   3.1486167e+05
   3.1503500e+05
   3.1521389e+05
   3.1540222e+05
   3.1558389e+05
   3.1576611e+05
   3.1594833e+05
   3.1611500e+05
   3.1628167e+05
   3.1645667e+05
   3.1663889e+05
   3.1681833e+05
   3.1699278e+05
   3.1717056e+05
   3.1734111e+05
   3.1750667e+05
   3.1767500e+05
   3.1785333e+05
   3.1803167e+05
   3.1820000e+05
   3.1836889e+05
   3.1853222e+05
   3.1869611e+05
   3.1886833e+05
   3.1904722e+05
   3.1922944e+05
   3.1940444e+05
   3.1957111e+05
   3.1974167e+05
   3.1990833e+05
   3.2008333e+05
   3.2026278e+05
   3.2044389e+05
   3.2061833e+05
   3.2078889e+05
   3.2096444e+05
   3.2114000e+05
   3.2131611e+05
   3.2150500e+05
   3.2169722e+05
   3.2187444e+05
   3.2204500e+05
   3.2222667e+05
   3.2240056e+05
   3.2257167e+05
   3.2274611e+05
   3.2292444e+05
   3.2309722e+05
   3.2326000e+05
   3.2343278e+05
   3.2360889e+05
   3.2378556e+05
   3.2396667e+05
   3.2414611e+05
   3.2432167e+05
   3.2448889e+05
   3.2466056e+05
   3.2483611e+05
   3.2501667e+05
   3.2520222e+05
   3.2538722e+05
   3.2556722e+05
   3.2574111e+05
   3.2592000e+05
   3.2610222e+05
   3.2628556e+05
   3.2647000e+05
   3.2664667e+05
   3.2682222e+05
   3.2699056e+05
   3.2716500e+05
   3.2734889e+05
   3.2752667e+05
   3.2770778e+05
   3.2788667e+05
   3.2805944e+05
   3.2822667e+05
   3.2839889e+05
   3.2858611e+05
   3.2877000e+05
   3.2895222e+05
   3.2913278e+05
   3.2931222e+05
   3.2948444e+05
   3.2966444e+05
   3.2985278e+05
   3.3003833e+05
   3.3022167e+05
   3.3039833e+05
   3.3049000e+05
   3.3057167e+05
   3.3074056e+05
   3.3091389e+05
   3.3109889e+05
   3.3127667e+05
   3.3145056e+05
   3.3162111e+05
   3.3179056e+05
   3.3196111e+05
   3.3213667e+05
   3.3232444e+05
   3.3250444e+05
   3.3267667e+05
   3.3284944e+05
   3.3302500e+05
   3.3319889e+05
   3.3337778e+05
   3.3356944e+05
   3.3375278e+05
   3.3393389e+05
   3.3410667e+05
   3.3428722e+05
   3.3447389e+05
   3.3466000e+05
   3.3485556e+05
   3.3503944e+05
   3.3521278e+05
   3.3538778e+05
   3.3556778e+05
   3.3574722e+05
   3.3592500e+05
   3.3611167e+05
   3.3628944e+05
   3.3645500e+05
   3.3662611e+05
   3.3680333e+05
   3.3698556e+05
   3.3717111e+05
   3.3735833e+05
   3.3753389e+05
   3.3770333e+05
   3.3787500e+05
   3.3805667e+05
   3.3824000e+05
   3.3841667e+05
   3.3860111e+05
   3.3877111e+05
   3.3893500e+05
   3.3910056e+05
   3.3926611e+05
   3.3944389e+05
   3.3961722e+05
   3.3979167e+05
   3.3997389e+05
   3.4014500e+05
   3.4031667e+05
   3.4049667e+05
   3.4068667e+05
   3.4086889e+05
   3.4104722e+05
   3.4122667e+05
   3.4139944e+05
   3.4157556e+05
   3.4175778e+05
   3.4194778e+05
   3.4212778e+05
   3.4230278e+05
   3.4247778e+05
   3.4264722e+05
   3.4282333e+05
   3.4300889e+05
   3.4320111e+05
   3.4338833e+05
   3.4356667e+05
   3.4374778e+05
   3.4392222e+05
   3.4410278e+05
   3.4429000e+05
   3.4448111e+05
   3.4466056e+05
   3.4483667e+05
   3.4501556e+05
   3.4519111e+05
   3.4537611e+05
   3.4556333e+05
   3.4575222e+05
   3.4592611e+05
   3.4609722e+05
   3.4627056e+05
   3.4643722e+05
   3.4660833e+05
   3.4677611e+05
   3.4694500e+05
   3.4710889e+05
   3.4726833e+05
   3.4743667e+05
   3.4760667e+05
   3.4778444e+05
   3.4797056e+05
   3.4815611e+05
   3.4833111e+05
   3.4850167e+05
   3.4867889e+05
   3.4886333e+05
   3.4904778e+05
   3.4923444e+05
   3.4942278e+05
   3.4960056e+05
   3.4976889e+05
   3.4994833e+05
   3.5012944e+05
   3.5031056e+05
   3.5049111e+05
   3.5066778e+05
   3.5084111e+05
   3.5100778e+05
   3.5118167e+05
   3.5136000e+05
   3.5153556e+05
   3.5171333e+05
   3.5188333e+05
   3.5204778e+05
   3.5220944e+05
   3.5237667e+05
   3.5255667e+05
   3.5274000e+05
   3.5292500e+05
   3.5310778e+05
   3.5328889e+05
   3.5346556e+05
   3.5365000e+05
   3.5384611e+05
   3.5403556e+05
   3.5422444e+05
   3.5440611e+05
   3.5459000e+05
   3.5476944e+05
   3.5495722e+05
   3.5514833e+05
   3.5533167e+05
   3.5551278e+05
   3.5568722e+05
   3.5586333e+05
   3.5603833e+05
   3.5622111e+05
   3.5640611e+05
   3.5658333e+05
   3.5675500e+05
   3.5692389e+05
   3.5709833e+05
   3.5727111e+05
   3.5745167e+05
   3.5763556e+05
   3.5781056e+05
   3.5798000e+05
   3.5814889e+05
   3.5832278e+05
   3.5849278e+05
   3.5866778e+05
   3.5885944e+05
   3.5903833e+05
   3.5920889e+05
   3.5938389e+05
   3.5956389e+05
   3.5974778e+05
   3.5993278e+05
   3.6012611e+05
   3.6030944e+05
   3.6048444e+05
   3.6066389e+05
   3.6085222e+05
   3.6104167e+05
